timestamp: '2025-06-23T17:49:58.303595+00:00'
best_model: RandomForestRegressor
best_params:
  n_estimators: 50
  max_depth: 32
train_metrics:
  neg_root_mean_squared_error: -0.3777879010010017
  r2: 0.8572763018572573
  neg_mean_absolute_error: -0.30436746215096305
  neg_mean_squared_error: -0.14272369814274266
val_metrics:
  neg_root_mean_squared_error: -0.9475888821408891
  r2: 0.03751991803333876
  neg_mean_absolute_error: -0.7513520076531677
  neg_mean_squared_error: -0.8979246895570198
optimization:
  enabled: true
  best_score: -0.9959438710409666
  direction: minimize
  cv_folds: 5
